-5.76823530700064 -3.23876425735004
-5.17498627251084 -0.465656759250441
-3.80284577419295 -0.749694703986214
-6.11047657795968 2.73788351123377
-2.10900057934484 2.55481320502106
0.509135878100335 2.7296904450585
-0.153424480766507 4.43272800764879
-1.13567753677457 0.366022884389331
2.71449948109081 1.39908752754767
0.527895266418057 0.50128724106166
0.921782104514304 5.25412414357274
-0.424880239796326 0.101137061813559
-1.64162696263083 1.34114996388892
0.16223067601854 5.26708598393101
2.53334249940223 4.90204176836213
3.07064353573271 4.25850859420762
-2.874516271824 4.56101097227039
-1.7898341994165 3.6995521295932
-0.615765337887055 2.29762549278003
1.54300279203206 4.69742939314854
-1.06637943598289 -0.0858109205662247
2.68571794582361 0.715639742756736
0.818273322089586 2.69196438404627
1.1801715677389 4.28652520410871
-1.12927039414298 3.18476072361531
0.518131541210084 3.79482353521805
-5.1624189006724 -1.66138162806426
-2.28311102017788 1.68321067229534
-1.42917805842806 0.392380148473837
-2.08985904570378 0.450728975408128
-3.76827104594603 1.62690001739655
-3.00223355261249 1.32980338177924
-4.7395574535109 0.731795805610875
-3.18955236762361 -0.70672159406201
-0.36872248999034 2.78889364836482
-3.54148080807937 -2.05923235385043
0.881044602548114 -0.360683102991469
1.19523457438938 1.24669944816737
1.27930417187658 0.145918480921891
-3.29531667116977 3.53940422313056
-3.68676803295304 0.990653005245544
0.11772901793978 3.54277178384355
0.616536730508224 3.29910557701677
-0.963189878961986 5.54446690337809
-2.44459716559863 6.60552130616807
-0.833267976968263 7.91031352790869
-2.46371599719297 6.03562524044255
-0.169656035333222 7.99480439119348
0.477899381548999 7.98257858874631
-0.145244446463713 7.00216587617883
-2.44901013811914 3.49345370952566
2.12438621818445 0.830954675312104
-1.77959257746955 5.33610795346079
1.54180558201252 0.413555547585095
1.5937936466666 1.26427563977029
-0.0656462819759559 1.85880384905903
0.686728273174445 -1.385868152709
2.90996480351127 0.442234585377155
2.72508642591421 3.39823637874693
2.56079136305772 2.57436633427793
2.03747697682143 1.51991886026094
-1.88543511310105 -3.73289911179815
-2.89718788666036 -0.209345545968509
1.69799411636073 -0.789814567147785
-0.0996761200039359 -0.444644457758783
-3.2441637819956 -1.49013505744478
-2.41100961056083 -2.00027227301817
-0.877456580532018 -2.85399246705198
1.82864627343857 -1.5075036412954
0.0348920162002372 1.43130273136738
-4.68418278334631 2.66292996044724
4.13241286595706 4.71684888409037
-1.54580975271342 0.908037190615433
1.71443359055673 3.79614709197619
1.94420554311256 6.62932883360211
3.62149219881835 5.01277891451366
2.75250208992803 5.8022491630692
-0.369489035052777 3.7296894733669
1.44720856182842 6.81629253371662
4.97801098217664 3.27928902713195
-1.79493118741801 2.4114801751336
-0.382361971733092 5.57276865924196
0.42690588448088 1.84210692498078
-1.61613453266651 4.764791737022
3.25419921234458 5.68618301313114
4.14492301344207 4.06037168687493
-2.88586019808077 2.40028862827434
-4.0290004131853 3.382498548165
-4.02940482046666 0.024057285123972
-4.12116881629119 2.2462837575379
-0.99259620105622 4.62817128408396
-3.0600330642273 5.22008441138522
-3.16508357943066 5.92983946465146
-1.71792410826042 -1.10813872061055
0.313978864223262 3.04283874432701
-6.82918657674712 -0.493835412852668
-1.68608838607467 3.1022884778736
-0.850052947480153 2.68152309250914
-3.04265266286073 0.765799614564416
2.69210924897029 -3.43296775617043
4.68040597818168 -5.2798027409098
3.49204479428202 -3.95886868436291
3.69287692076208 -5.96460758137584
4.74988176704701 -4.0232887709312
4.76307317168325 -6.50084419039106
4.91072833575011 -4.66091031032049
3.7290225362778 -2.15765042408877
5.60304820552807 -3.41873549712686
5.56909959931069 -3.95984621618879
6.32824703272903 -3.59983938413258
5.24221279819988 -4.30709842790656
4.04141553877837 5.74484277269039
2.60445719817528 6.20617734242358
1.12779197172757 -1.62872897330356
4.28206205164012 2.92851876501479
3.05754688757347 2.60804191166894
1.80119489008505 1.9729240014327
4.89679289206212 1.7830348972354
1.20109174738643 -0.499006391545422
-0.320800942776556 0.765171178232024
4.82146710423986 3.8821847901386
0.550195385282303 0.00890083493624742
1.89133886345421 5.24861644937901
-0.937828757655883 -2.16471832078474
1.28332866050638 2.93226222657511
5.13479881719214 0.981490028265834
-0.124722894764561 -3.01379078209296
3.70654508780378 0.252645044258777
2.08272979794463 2.98723943068455
3.82263363212966 -3.16788754219865
-2.61977464836614 -2.79409718611821
-5.12415131111677 -2.98863911152565
-6.18522468924908 5.61765521359719
-8.27624357876207 7.1286186958516
-3.90621068823116 5.35360726238623
0.621897014507227 1.45940317008147
0.111934244321896 -1.15525985890351
1.99070092221871 2.33968562480618
-0.726472781008892 1.98434242923778
