4.7034943596329 3.81047398090206
3.13379364595949 1.11110777751852
-3.75277629855887 7.01770696560021
3.55267870077528 4.72940397315815
-3.1795335316161 -1.38225908373237
-4.15853913638302 -1.27579065712878
1.9600961656221 -2.79451138305115
-3.79385212652667 5.99727400968653
-0.563652697792404 4.85742343920775
-4.19482697181358 0.593305370132445
-2.73024442035793 1.82210304774714
-1.34219647423527 -2.24660772424954
-2.3936989940731 -5.18041069840981
-1.82823365254627 -5.47462160699446
-5.29121660770681 0.783657091554412
-8.95082333800688 1.4246005248539
-3.05634861137035 4.71683601055497
-6.87176253724589 3.11330703044194
-6.0128774086226 6.98864250133346
-7.40422579074672 5.49805532152938
-3.20551870924046 5.63975504066329
-5.3520691749538 0.340227375726439
-5.94174543592312 4.02371400801065
-9.25327758988962 -1.98257169013034
-8.61578199021123 -4.30866388227001
1.6454476057024 -3.58504980585091
-0.798281733186452 0.771704299771149
-1.09161642388502 6.25083270816495
-4.93395295336689 -3.78105045131689
-8.20617128397568 -0.343098369792764
-4.02039639357726 -0.585523667861454
-4.57564599858472 2.9688330377144
-2.60204993554339 4.39230932718201
1.50286483324561 -6.3204159796247
0.777813171157356 -8.21780457796923
-2.95654425429065 -0.154227580437384
2.15808261707357 -1.6783113452527
-1.13178543467385 1.06009537414152
-3.33117085813189 -4.65362397680379
-6.74124844666974 1.37903681570172
-2.11803980661534 -8.43657905590774
-5.51443975837423 -1.77103789338941
-3.69744606189367 0.469306019179327
-0.945504993373232 3.44369449570337
-4.10729156717935 4.069194618166
4.68856834128743 -4.49391825674311
-3.98354898280659 1.62434139850776
-2.63776285087634 2.91045134871548
-6.35097691363955 3.49988621266768
-9.08819194319126 5.29676160409941
2.90871365377536 3.03383398288465
6.31651841040644 1.93504704704021
5.93644621454746 1.69952491151709
3.12004258856259 1.92779125176356
-1.86078829210717 0.417665090027755
-2.04171883679608 3.28994206836039
-0.381646075047455 4.34333778043335
-5.93771459301475 -0.638146047727503
-4.99018404251743 2.64621817187836
-7.05599929051019 4.65698603803646
-1.27987503940068 3.34385927084269
-4.89751487794337 4.92928407018351
-4.07804645745415 4.80276996899324
-2.91522212244472 8.11143135409187
3.00163139502233 7.00883643510089
0.483320855925681 7.44093566574108
1.66106505357747 -4.65192678748835
-2.1573773514277 0.852887223673188
2.11533935836683 0.156901597497353
4.09919663291603 0.932049082854737
-3.6382620474122 2.74663078142317
3.74651564090953 6.59558423828522
-4.87705576945092 0.162783665246718
1.35482790998334 -0.0854541189655461
-3.19304251421541 0.836951002218349
-0.226545621068849 -0.6573999696646
0.520921647228509 5.39810616700501
4.44240526146284 5.38988073186785
2.41591349813557 7.92610799099926
-1.6608201095808 2.22479695566565
1.94109890334264 3.03313727649632
4.39075636138327 7.77841296790118
1.62234830663464 5.81103943090173
-3.53111421159296 -2.31067122356102
-0.49298695672934 -1.64421131139079
-4.34883430162402 2.13297617421035
0.426833024162674 -3.838358115046
0.586836010626869 -1.79624427465462
0.862644933997338 0.533041672308806
-1.06660788575669 1.51731644671041
0.764728557739509 1.4962128467238
1.40336122883467 -0.814538379073983
-1.98257288979969 -0.483516453558117
-0.359038932349983 1.21540912189991
-1.2579918948087 -0.821245001389427
-2.53588937749529 -3.9922326365695
-1.91259985969477 -1.63019192241194
-3.26587367666179 0.135489598800286
-2.59208089264481 -1.0285732747754
-1.22887987092166 -1.19222889785973
1.11704238390871 4.06690581059813
0.812211289672217 3.57506626380821
-1.26999176194554 -3.4657870640813
-2.11109621743312 -3.50747606521094
-2.17018684690029 -6.56194938952702
-0.605324802876955 -7.83979448499488
-2.16739725692525 -5.94043563963976
1.82748347460311 3.7476053116461
-1.56590124827512 -2.6538692038282
-0.558834036165581 2.45477185278477
-1.12541160010068 -4.9814569743425
0.365209947259207 2.19010833230395
-1.00955765794397 -4.22098683268982
0.522055732810838 -5.13769750770025
-0.42863183716937 -5.9028787040627
-1.71481938681643 -3.71112935301602
1.78148908452031 -5.53325464938042
0.385934969629204 -2.85009643772205
-0.0819939225871991 -3.24411817402593
2.97066656554422 -5.48000638385404
3.40887559577733 -5.29534740781182
-0.563260183166871 -0.086805310163867
-6.09225868841349 0.495742359529632
0.0708569898737576 -2.12477146311695
-1.30098063714396 0.0954186815448142
0.168739549218736 -1.03615037588623
1.34615363458301 -2.37890487531077
0.0146060288563891 0.992677092824209
5.39157501617457 -3.05461368393624
6.87607895150272 -1.69303685769522
5.00198960889234 -1.71571466212767
5.5262381351719 2.97883155774915
6.79243693277447 0.915811898046472
4.10366897481478 0.0460472003013351
7.40430422583773 -0.662239494556043
4.40229065573045 -3.62826096044156
7.22908972067858 -3.35457397522126
3.82069810798785 -1.6860009875915
0.473495092171557 -0.15880872408487
3.92735158664646 1.88349947374852
7.29159078738769 0.773194972520901
5.32243192688545 -0.92864639828216
-6.68891605204269 -1.11667031287625
3.30651145190059 2.63753382858961
